(title "Pressure Coefficient")
(labels "Position" "Pressure Coefficient")

((xy/key/label "crvs")
0.909295	0.359403
0.913394	0.35995
0.917494	0.351453
0.921594	0.343809
0.925694	0.340891
0.929782	0.337316
0.93387	0.329505
0.937959	0.322857
0.942047	0.324547
0.946111	0.323452
0.950174	0.311938
0.954237	0.301271
0.958301	0.295302
0.962353	0.288439
0.966405	0.2771
0.970457	0.266862
0.974509	0.265109
0.978536	0.26017
0.982563	0.243542
0.98659	0.21692
0.990617	-0.292661
0.574427	0.249877
0.578622	0.249581
0.582817	0.249135
0.587012	0.248364
0.591207	0.243909
0.595404	0.241251
0.599602	0.243897
0.603799	0.246044
0.607997	0.247027
0.612195	0.247918
0.616393	0.249329
0.620591	0.250517
0.624788	0.251458
0.628986	0.252216
0.633184	0.252791
0.637382	0.253026
0.64158	0.249577
0.64578	0.247895
0.64998	0.251495
0.65418	0.254634
0.65838	0.256784
0.66258	0.258804
0.66678	0.261164
0.670981	0.263348
0.675181	0.265353
0.679381	0.26724
0.683581	0.269019
0.687782	0.270571
0.691982	0.26928
0.696183	0.269366
0.700385	0.273626
0.704587	0.277624
0.708788	0.281042
0.71299	0.284385
0.717192	0.287941
0.721394	0.291536
0.725596	0.296281
0.729797	0.300468
0.733998	0.302956
0.738199	0.305671
0.7424	0.309136
0.746601	0.312566
0.750802	0.315493
0.755003	0.318828
0.759203	0.325219
0.763402	0.330534
0.767601	0.331943
0.7718	0.333931
0.775999	0.339608
0.780195	0.344333
0.784391	0.344896
0.788587	0.346061
0.792783	0.350251
0.796976	0.353988
0.80117	0.354882
0.805363	0.356678
0.809556	0.366497
0.813739	0.373659
0.817922	0.370528
0.822105	0.368039
0.826287	0.366904
0.83047	0.366656
0.834653	0.36719
0.838835	0.368902
0.843018	0.381047
0.84718	0.389552
0.851343	0.384236
0.855505	0.37991
0.859667	0.382045
0.863817	0.383207
0.867966	0.378078
0.872116	0.373916
0.876265	0.375765
0.880401	0.376465
0.884537	0.370946
0.888674	0.366376
0.89281	0.367863
0.896931	0.368088
0.901052	0.361898
0.905173	0.356769
0.909295	0.359403
0.574427	0.249877
0.570232	0.250054
0.566037	0.250111
0.561842	0.250059
0.557647	0.249879
0.553452	0.249576
0.549257	0.249107
0.545062	0.248464
0.540867	0.247547
0.536672	0.246236
0.532477	0.244237
0.528282	0.241758
0.524088	0.244366
0.519895	0.248587
0.515703	0.248938
0.511511	0.248792
0.507319	0.251144
0.503128	0.254288
0.498938	0.255536
0.494747	0.256549
0.490557	0.25741
0.486366	0.258139
0.482176	0.258723
0.477985	0.259169
0.473794	0.259435
0.469604	0.259484
0.465413	0.259207
0.461223	0.258668
0.457032	0.259291
0.452842	0.259991
0.448653	0.259035
0.444463	0.257553
0.440273	0.261636
0.436087	0.267578
0.431901	0.269579
0.427715	0.271192
0.423529	0.272573
0.419343	0.273711
0.415157	0.274536
0.410971	0.275128
0.406785	0.276608
0.4026	0.278145
0.398415	0.278432
0.394229	0.27837
0.390044	0.281904
0.385862	0.286604
0.381679	0.288714
0.377497	0.29053
0.373314	0.292132
0.139594	0.458619
0.143753	0.454436
0.147912	0.449876
0.15207	0.444594
0.156229	0.433275
0.160398	0.424548
0.164568	0.424272
0.168737	0.423675
0.172906	0.422144
0.177075	0.419979
0.181245	0.417441
0.185414	0.414685
0.189583	0.411747
0.193753	0.40869
0.197922	0.405536
0.202091	0.402305
0.206261	0.398994
0.21043	0.395617
0.214599	0.392177
0.218769	0.388668
0.222938	0.385065
0.227107	0.38136
0.231276	0.37753
0.235446	0.373471
0.239615	0.367096
0.243788	0.361695
0.24796	0.35947
0.252133	0.356842
0.256306	0.350333
0.260483	0.345302
0.264661	0.345346
0.268839	0.345086
0.273016	0.344173
0.277194	0.342847
0.281372	0.341274
0.285549	0.339546
0.289727	0.337672
0.293905	0.335699
0.298082	0.333643
0.30226	0.331514
0.306438	0.3293
0.310615	0.327016
0.314793	0.324662
0.318971	0.322231
0.323148	0.319692
0.327326	0.317041
0.331504	0.314262
0.335681	0.311213
0.339859	0.305145
0.34404	0.300517
0.348222	0.300227
0.352403	0.299564
0.356584	0.297335
0.360767	0.295271
0.364949	0.294499
0.369132	0.293488
0.373314	0.292132
0.798708	-0.382761
0.794656	-0.390252
0.790605	-0.399855
0.786553	-0.409132
0.782502	-0.40812
0.778428	-0.405278
0.774354	-0.410268
0.77028	-0.416091
0.766207	-0.422251
0.762133	-0.428698
0.758059	-0.435491
0.753985	-0.442613
0.749911	-0.450208
0.745837	-0.458311
0.741763	-0.467217
0.73769	-0.476142
0.733616	-0.480326
0.729532	-0.484096
0.725449	-0.492615
0.721365	-0.50118
0.717282	-0.501354
0.798708	-0.382761
0.802755	-0.375602
0.806803	-0.367503
0.810851	-0.359657
0.814899	-0.35229
0.818947	-0.345241
0.822995	-0.338527
0.827042	-0.332101
0.83109	-0.326528
0.835136	-0.321006
0.839181	-0.314871
0.843227	-0.309214
0.847272	-0.308102
0.851301	-0.306206
0.85533	-0.298662
0.859359	-0.290952
0.863388	-0.285641
0.867409	-0.280345
0.871431	-0.272973
0.875452	-0.2658
0.879473	-0.261157
0.883484	-0.2564
0.887496	-0.249113
0.891507	-0.24195
0.895519	-0.237473
0.899519	-0.232851
0.903519	-0.225448
0.907518	-0.217935
0.911518	-0.210817
0.915518	-0.203996
0.919518	-0.197443
0.923518	-0.191117
0.927518	-0.184969
0.931518	-0.179026
0.935517	-0.173234
0.939517	-0.167892
0.943517	-0.165551
0.947499	-0.162947
0.951482	-0.156523
0.955464	-0.149897
0.959446	-0.144372
0.963422	-0.139097
0.967398	-0.132515
0.971374	-0.126323
0.975349	-0.11997
0.979325	-0.114834
0.983301	-0.109962
0.987277	-0.0987515
0.991253	-0.128094
0.250773	-1.56437
0.246533	-1.56728
0.242292	-1.60098
0.238051	-1.63962
0.233811	-1.65135
0.229563	-1.65997
0.225314	-1.69799
0.221066	-1.74307
0.216818	-1.77653
0.212566	-1.81497
0.208313	-1.88145
0.204061	-1.95838
0.199809	-1.96096
0.195545	-1.95079
0.191281	-2.01753
0.187018	-2.10275
0.182754	-2.08698
0.178484	-2.05074
0.174215	-2.11912
0.169946	-2.21783
0.165676	-2.14948
0.161417	-2.032
0.157157	-2.06296
0.152897	-2.12495
0.148638	-2.05732
0.144401	-1.95121
0.140163	-1.96304
0.135926	-1.99964
0.131689	-1.94853
0.127476	-1.87286
0.123263	-1.88136
0.119049	-1.90896
0.114836	-1.88583
0.110643	-1.85419
0.106449	-1.88601
0.102255	-1.94137
0.0980617	-1.90122
0.0939071	-1.83544
0.0897525	-1.86676
0.0855979	-1.92892
0.0814433	-1.86266
0.0773504	-1.75393
0.0732575	-1.75933
0.0691645	-1.78958
0.0650716	-1.75517
0.0610202	-1.70422
0.0569687	-1.72455
0.0529173	-1.76769
0.0488659	-1.79181
0.0448377	-1.82916
0.0408094	-1.94456
0.0367812	-2.13216
0.032753	-2.09489
0.0288723	-1.99675
0.0249916	-2.1893
0.021111	-2.62878
0.0172303	-2.329
0.015109	-1.96567
0.0129877	-2.07935
0.0108664	-2.44989
0.00874508	-2.16004
0.00787573	-1.86196
0.00700638	-1.87562
0.00613703	-1.98868
0.00526768	-1.89922
0.00487953	-1.82006
0.00449138	-1.85573
0.00410323	-1.93568
0.00371507	-2.04203
0.402342	-0.994367
0.398143	-0.990397
0.393944	-0.997901
0.389745	-1.00674
0.385546	-1.01639
0.381347	-1.02681
0.377148	-1.03822
0.372949	-1.05035
0.36875	-1.06209
0.36455	-1.0747
0.36035	-1.08986
0.35615	-1.10559
0.35195	-1.11367
0.347746	-1.12074
0.343541	-1.13517
0.339337	-1.15122
0.335132	-1.16899
0.330928	-1.18895
0.326724	-1.21183
0.322519	-1.2355
0.318315	-1.24049
0.314101	-1.24203
0.309887	-1.25974
0.305673	-1.28015
0.301459	-1.3018
0.297244	-1.3265
0.29303	-1.35669
0.288815	-1.38856
0.2846	-1.39241
0.280374	-1.39109
0.276148	-1.41471
0.271921	-1.44203
0.267695	-1.46166
0.263464	-1.48294
0.259234	-1.51819
0.255004	-1.55683
0.250773	-1.56437
0.402342	-0.994367
0.406532	-0.995467
0.410722	-0.982041
0.414912	-0.968766
0.419103	-0.958317
0.423292	-0.948884
0.427481	-0.939115
0.43167	-0.930033
0.435859	-0.921878
0.440049	-0.914461
0.444238	-0.907846
0.448427	-0.902784
0.452616	-0.912792
0.456792	-0.918559
0.460967	-0.904798
0.465143	-0.891351
0.469319	-0.880849
0.473494	-0.871826
0.477669	-0.863202
0.481844	-0.855877
0.48602	-0.858252
0.490185	-0.858485
0.49435	-0.846879
0.498516	-0.83559
0.502681	-0.828781
0.506844	-0.822279
0.511006	-0.812825
0.515168	-0.80426
0.51933	-0.802184
0.523485	-0.799214
0.527641	-0.789276
0.531796	-0.779867
0.535951	-0.776328
0.5401	-0.772269
0.54425	-0.76245
0.548399	-0.753079
0.552548	-0.747625
0.556693	-0.742173
0.560839	-0.733576
0.564984	-0.725739
0.569129	-0.724729
0.573266	-0.72259
0.577403	-0.712671
0.581539	-0.702898
0.585676	-0.695272
0.589811	-0.688201
0.593946	-0.680624
0.598081	-0.674178
0.602217	-0.677667
0.606337	-0.678798
0.610457	-0.667298
0.614577	-0.655678
0.618697	-0.645617
0.622817	-0.636515
0.626937	-0.62822
0.631057	-0.620449
0.635177	-0.613203
0.639297	-0.606362
0.643417	-0.599973
0.647537	-0.594231
0.651657	-0.592926
0.65577	-0.590826
0.659882	-0.583404
0.663995	-0.576497
0.668107	-0.57763
0.672205	-0.577186
0.676303	-0.567024
0.680401	-0.556713
0.684499	-0.547648
0.688597	-0.539344
0.692695	-0.531703
0.696792	-0.524498
0.70089	-0.517739
0.704988	-0.51133
0.709086	-0.505321
0.713184	-0.500078
0.717282	-0.501354
0.00371507	-2.04203
0.003521	-2.13393
0.00332692	-2.30504
0.00313285	-2.59939
0.00293877	-2.31057
0.00282069	-1.77072
0.0027026	-1.64249
0.00258452	-1.55647
0.00246644	-1.4849
0.00234835	-1.42618
0.00223027	-1.37842
0.00211219	-1.34044
0.0019941	-1.31191
0.00187602	-1.29342
0.00175794	-1.28614
0.00163985	-1.29104
0.00152177	-1.30919
0.00140368	-1.34428
0.0012856	-1.40682
0.00116752	-1.51057
0.00104943	-1.37307
0.000977523	-1.13947
0.000905612	-1.09614
0.000833701	-1.07807
0.000761791	-0.953221
0.000714179	-0.791818
0.000666567	-0.715707
0.000618955	-0.654939
0.000571343	-0.601928
0.000523731	-0.555605
0.000476119	-0.515078
0.000428507	-0.479696
0.000380895	-0.449191
0.000333283	-0.423747
0.000285672	-0.403887
0.00023806	-0.39038
0.000190448	-0.384153
0.000142836	-0.386339
9.52238e-05	-0.400275
4.76119e-05	-0.427815
0	-0.335029
-5.79941e-06	-0.192296
-1.15988e-05	-0.13715
-1.73982e-05	-0.0942983
-2.31976e-05	-0.0565085
-2.8997e-05	-0.0231217
-3.47964e-05	0.00649487
-4.05958e-05	0.0328054
-4.63953e-05	0.0560509
-5.21947e-05	0.0761614
-5.79941e-05	0.0928143
-6.37935e-05	0.105551
-6.95929e-05	0.113719
-7.53923e-05	0.116665
-8.11917e-05	0.11379
-8.69911e-05	0.106492
-9.27905e-05	0.143865
-6.95662e-05	0.193578
-4.63419e-05	0.202838
-2.31176e-05	0.203423
1.06674e-07	0.265282
6.19065e-05	0.349822
0.000123706	0.388005
0.000185506	0.41825
0.000247306	0.444792
0.000309106	0.468302
0.000370906	0.489219
0.000432706	0.507876
0.000494506	0.524451
0.000556305	0.538926
0.000618105	0.551094
0.000679905	0.560502
0.000741705	0.566333
0.000803505	0.567664
0.000865305	0.562751
0.000927104	0.549152
0.000988904	0.597346
0.00110155	0.66224
0.0012142	0.689324
0.00132685	0.712922
0.0014395	0.736792
0.0016648	0.772325
0.0018901	0.79523
0.0021154	0.817518
0.0023407	0.841651
0.00280204	0.877959
0.00326338	0.898041
0.00372472	0.915714
0.00418605	0.941913
0.00558553	0.976176
0.00698501	0.972312
0.00838449	0.964405
0.00978396	0.952894
0.0134259	0.928735
0.0170678	0.904544
0.0207098	0.873723
0.0243517	0.804278
0.0284153	0.748279
0.0324788	0.739591
0.0365424	0.72692
0.0406059	0.704838
0.0447085	0.685002
0.0488111	0.675184
0.0529138	0.66514
0.0570164	0.656207
0.0611097	0.645926
0.0652029	0.632436
0.0692962	0.618324
0.0733895	0.596472
0.0775119	0.578542
0.0816343	0.572165
0.0857567	0.565088
0.0898791	0.554889
0.0940076	0.544767
0.0981361	0.536913
0.102265	0.52833
0.106393	0.514079
0.110535	0.501816
0.114677	0.496643
0.11882	0.490541
0.122962	0.476431
0.12712	0.465087
0.131278	0.463825
0.135436	0.461971
0.139594	0.458619
)
